function mgc = belgian-ne

%% required global data
mgc.energy_factor = 2.61590529e-08;
mgc.gas_molar_mass = 0.0185674;
mgc.gas_specific_gravity = 0.6;
mgc.specific_heat_capacity_ratio = 1.4;  % unitless
mgc.temperature = 281.15;  % K
mgc.compressibility_factor = 0.8;  % unitless
mgc.standard_density = 1.0; %
mgc.units = 'si';

%% optional global data (that was either provided or computed based on required global data)
mgc.sound_speed = 317.3536522338898;  % m/s
mgc.R = 8.314;  % J/(mol K)
mgc.base_pressure = 8000000;  % Pa
mgc.base_length = 5000;  % m
mgc.base_flow = 535.85648148148;  % kg/s
mgc.is_per_unit = 0;

%% junction data
% id	p_min	p_max	p_nominal	junction_type	status	pipeline_name	edi_id	lat	lon
mgc.junction = [
1	0	7700000	0	0	1	'belgian-ne'	1	0	0
2	0	7700000	0	0	1	'belgian-ne'	2	0	0
3	3000000	8000000	3000000	0	1	'belgian-ne'	3	0	0
4	7500000	8000000	7500000	0	1	'belgian-ne'	4	0	0
5	0	7700000	0	0	1	'belgian-ne'	5	0	0
6	3000000	8000000	3000000	0	1	'belgian-ne'	6	0	0
7	3000000	8000000	3000000	0	1	'belgian-ne'	7	0	0
8	5000000	6620000	5000000	0	1	'belgian-ne'	8	0	0
9	0	6620000	0	0	1	'belgian-ne'	9	0	0
10	3000000	6620000	3000000	0	1	'belgian-ne'	10	0	0
11	0	6620000	0	0	1	'belgian-ne'	11	0	0
12	1000000	6620000	1000000	0	1	'belgian-ne'	12	0	0
13	0	6620000	0	0	1	'belgian-ne'	13	0	0
14	0	6620000	0	0	1	'belgian-ne'	14	0	0
15	0	6620000	0	0	1	'belgian-ne'	15	0	0
16	5000000	6620000	5000000	0	1	'belgian-ne'	16	0	0
17	0	6620000	0	0	1	'belgian-ne'	17	0	0
18	0	6300000	0	0	1	'belgian-ne'	18	0	0
19	0	6620000	0	0	1	'belgian-ne'	19	0	0
20	2500000	6620000	2500000	0	1	'belgian-ne'	20	0	0
81	0	6620000	0	0	1	'belgian-ne'	81	0	0
171	0	6620000	0	0	1	'belgian-ne'	171	0	0
100017	0	6620000	0	0	1	'belgian-ne'	100017	0	0
200008	0	6620000	0	0	1	'belgian-ne'	200008	0	0
300008	0	6620000	0	0	1	'belgian-ne'	300008	0	0
];

%% pipe data
% id	fr_junction	to_junction	diameter	length	friction_factor	p_min	p_max	status
mgc.pipe = [
1	1	2	0.89	4000	0.0070370370264493	0	7700000	1
2	1	2	0.89	4000	0.0070370370264493	0	7700000	1
3	2	3	0.89	6000	0.0070370370260614	0	8000000	1
4	2	3	0.89	6000	0.0070370370260614	0	8000000	1
5	3	4	0.89	26000	0.0070370370260614	3000000	8000000	1
6	5	6	0.5901	43000	0.0075887473251455	0	8000000	1
7	6	7	0.5901	29000	0.0075887473339471	3000000	8000000	1
8	7	4	0.5901	19000	0.0075887473022613	3000000	8000000	1
9	4	14	0.89	55000	0.0070370370241218	0	8000000	1
12	9	10	0.89	20000	0.007037037028001	0	6620000	1
13	9	10	0.3955	20000	0.008190765797887601	0	6620000	1
14	10	11	0.89	25000	0.0070370370241218	0	6620000	1
15	10	11	0.3955	25000	0.008190765949521501	0	6620000	1
16	11	12	0.89	42000	0.0070370370283889	0	6620000	1
17	12	13	0.89	40000	0.0070370370241218	0	6620000	1
18	13	14	0.89	5000	0.0070370370260614	0	6620000	1
19	14	15	0.89	10000	0.0070370370260614	0	6620000	1
20	15	16	0.89	25000	0.0070370370241218	0	6620000	1
21	11	17	0.3955	10500	0.008190765866122799	0	6620000	1
23	18	19	0.3155	98000	0.008562967980940301	0	6620000	1
24	19	20	0.3155	6000	0.008562967570526899	0	6620000	1
101	81	9	0.89	5000	0.0070370370260614	0	6620000	1
111	81	9	0.3955	5000	0.0081907658737045	0	6620000	1
221	171	18	0.3155	26000	0.008562967878336899	0	6620000	1
];

%% compressor data
% id	fr_junction	to_junction	c_ratio_min	c_ratio_max	power_max	flow_min	flow_max	inlet_p_min	inlet_p_max	outlet_p_min	outlet_p_max	status	operating_cost	directionality
mgc.compressor = [
10	8	300008	1	2	1000000000	-5358564.8148148	5358564.8148148	0	6620000	0	6620000	1	10	2
11	8	200008	1	2	1000000000	-5358564.8148148	5358564.8148148	0	6620000	0	6620000	1	10	2
22	17	100017	1	2	1000000000	-5358564.8148148	5358564.8148148	0	6620000	0	6620000	1	10	2
100000	171	100017	1	2	1000000000	-5358564.8148148	5358564.8148148	0	6620000	0	6620000	1	10	2
100001	81	200008	1	2	1000000000	-5358564.8148148	5358564.8148148	0	6620000	0	6620000	1	10	2
100002	81	300008	1	2	1000000000	-5358564.8148148	5358564.8148148	0	6620000	0	6620000	1	10	2
];

%% short_pipe data
% 
mgc.short_pipe = [
];

%% resistor data
% 
mgc.resistor = [
];

%% valve data
% 
mgc.valve = [
];

%% receipt data
% id	junction_id	injection_min	injection_max	injection_nominal	is_dispatchable	status
mgc.receipt = [
1	1	126.2880555555577	126.2880555555577	126.2880555555577	0	1
2	2	97.22222222221968	97.22222222221968	97.22222222221968	0	1
5	5	32.57768518518499	32.57768518518499	32.57768518518499	0	1
8	8	254.7685185185167	254.7685185185167	254.7685185185167	0	1
13	13	13.88888888888906	13.88888888888906	13.88888888888906	0	1
14	14	11.11111111111082	11.11111111111082	11.11111111111082	0	1
10001	1	0	1157.407407407431	0	1	1
10002	2	0	1157.407407407431	0	1	1
10005	5	0	2.314814814814808	0	1	1
10008	8	0	34.72222222222238	0	1	1
10013	13	0	9.259259259259016	0	1	1
10014	14	0	0.4629629629629616	0	1	1
];

%% delivery data
% id	junction_id	withdrawal_min	withdrawal_max	withdrawal_nominal	is_dispatchable	status
mgc.delivery = [
3	3	45.34722222222184	45.34722222222184	45.34722222222184	0	1
4	4	0	11574074.07407431	0	1	1
6	6	46.68981481481494	46.68981481481494	46.68981481481494	0	1
7	7	60.83333333333281	60.83333333333281	60.83333333333281	0	1
10	10	73.66898148148155	73.66898148148155	73.66898148148155	0	1
12	12	24.53703703703693	24.53703703703693	24.53703703703693	0	1
15	15	79.25925925926039	79.25925925926039	79.25925925926039	0	1
16	16	180.7407407407424	180.7407407407424	180.7407407407424	0	1
19	19	2.569444444444431	2.569444444444431	2.569444444444431	0	1
20	20	22.21064814814824	22.21064814814824	22.21064814814824	0	1
10012	12	0	11574074.07407431	0	1	1
];

%% ne_pipe data
% id	fr_junction	to_junction	diameter	length	friction_factor	p_min	p_max	status	construction_cost
mgc.ne_pipe = [
28	1	2	0.89	4000	0.0070370370264493	0	7700000	1	14324097.45729
29	1	2	0.89	4000	0.0070370370264493	0	7700000	1	14324097.45729
30	2	3	0.89	6000	0.0070370370260614	0	8000000	1	21486146.185935
31	2	3	0.89	6000	0.0070370370260614	0	8000000	1	21486146.185935
32	3	4	0.89	26000	0.0070370370260614	3000000	8000000	1	93106633.472385
33	5	6	0.5901	43000	0.0075887473251455	0	8000000	1	86083962.123557
34	6	7	0.5901	29000	0.0075887473339471	3000000	8000000	1	58056625.618213
35	7	4	0.5901	19000	0.0075887473022613	3000000	8000000	1	38037099.542967
36	4	14	0.89	55000	0.0070370370241218	0	8000000	1	196956340.03774
37	81	9	0.89	5000	0.0070370370260614	0	6620000	1	17905121.821613
38	81	9	0.3955	5000	0.0081907658737045	0	6620000	1	7226588.4367443
39	9	10	0.89	20000	0.007037037028001	0	6620000	1	71620487.28645
40	9	10	0.3955	20000	0.008190765797887601	0	6620000	1	28906353.746977
41	10	11	0.89	25000	0.0070370370241218	0	6620000	1	89525609.108063
42	10	11	0.3955	25000	0.008190765949521501	0	6620000	1	36132942.183722
43	11	12	0.89	42000	0.0070370370283889	0	6620000	1	1504030233.0155
44	12	13	0.89	40000	0.0070370370241218	0	6620000	1	1432409745.729
45	13	14	0.89	5000	0.0070370370260614	0	6620000	1	179051218.21613
46	14	15	0.89	10000	0.0070370370260614	0	6620000	1	358102436.43225
47	15	16	0.89	25000	0.0070370370241218	0	6620000	1	895256091.0806299
48	11	17	0.3955	10500	0.008190765866122799	0	6620000	1	151758357.17163
49	171	18	0.3155	26000	0.008562967878336899	0	6620000	1	339448273.38689
50	18	19	0.3155	98000	0.008562967980940301	0	6620000	1	1279458876.6121
51	19	20	0.3155	6000	0.008562967570526899	0	6620000	1	7833421.6935435
];

%% ne_compressor data
% 
mgc.ne_compressor = [
];

end
