function mgc = 'TC_PennToNortheast_wValves.json'

%% required global data
mgc.gas_molar_mass = 0.0185674;  % kg/mol
mgc.gas_specific_gravity = 0.6411;
mgc.specific_heat_capacity_ratio = 1.2841;  % unitless
mgc.temperature = 281.15;  % K
mgc.compressibility_factor = 0.8;  % unitless
mgc.units = 'si';
mgc.standard_density = 0.717;

%% optional global data (that was either provided or computed based on required global data)
mgc.energy_factor = 5.8811473e-10;
mgc.sound_speed = 317.3537;  % m/s
mgc.R = 8.314;  % J/(mol K)
mgc.base_pressure = 8273712;  % Pa
mgc.base_flow = 44.4795;
mgc.base_length = 1;  % m
mgc.is_per_unit = 1;

%% junction data
% id	p_min	p_max	p_nominal	junction_type	status	pipeline_name	edi_id	lat	lon
mgc.junction = [
1	0.4167	1	0.4167	0	1	'northeast'	1	40.14051	-80.478524
2	0.4167	1	0.4167	0	1	'northeast'	2	39.723066	-80.442888
3	0.4167	1	0.4167	0	1	'northeast'	3	40.200743	-79.534826
4	0.4167	1	0.4167	0	1	'northeast'	4	40.020885	-78.404702
5	0.4167	1	0.4167	0	1	'northeast'	5	39.724585	-76.390675
6	0.4167	1	0.4167	0	1	'northeast'	6	40.274567	-76.382726
7	0.4167	1	0.4167	0	1	'northeast'	7	40.084953	-75.556341
8	0.4167	1	0.4167	0	1	'northeast'	8	40.768368	-80.376997
9	0.4167	1	0.4167	0	1	'northeast'	9	40.467497	-79.794148
10	0.4167	1	0.4167	0	1	'northeast'	10	40.467469	-79.794041
11	0.4167	1	0.4167	0	1	'northeast'	11	40.552592	-75.22477
12	0.4167	1	0.4167	0	1	'northeast'	12	40.603397	-74.883413
13	0.4167	1	0.4167	0	1	'northeast'	13	40.30279	-74.703774
14	0.4167	1	0.4167	0	1	'northeast'	14	40.556699	-74.349096
15	0.4167	1	0.4167	0	1	'northeast'	15	40.66556	-73.65474
16	0.4167	1	0.4167	0	1	'northeast'	16	40.835394	-79.343138
17	0.4167	1	0.4167	0	1	'northeast'	17	40.835196	-79.340896
18	0.4167	1	0.4167	0	1	'northeast'	18	40.79121	-74.19497
19	0.4167	1	0.4167	0	1	'northeast'	19	40.791447	-74.088084
20	0.4167	1	0.4167	0	1	'northeast'	20	40.784651	-73.93382
21	0.4167	1	0.4167	0	1	'northeast'	21	40.895706	-73.14931
22	0.4167	1	0.4167	0	1	'northeast'	22	41.21062	-80.320004
23	0.4167	1	0.4167	0	1	'northeast'	23	41.210661	-80.320067
24	0.4167	1	0.4167	0	1	'northeast'	24	40.999871	-78.741026
25	0.4167	1	0.4167	0	1	'northeast'	25	41.260839	-78.311499
26	0.4167	1	0.4167	0	1	'northeast'	26	41.495676	-77.643097
27	0.4167	1	0.4167	0	1	'northeast'	27	41.496855	-77.643514
28	0.4167	1	0.4167	0	1	'northeast'	28	41.262607	-76.338707
29	0.4167	1	0.4167	0	1	'northeast'	29	41.21003	-75.855117
30	0.4167	1	0.4167	0	1	'northeast'	30	41.066069	-74.573932
31	0.4167	1	0.4167	0	1	'northeast'	31	41.118725	-74.476541
32	0.4167	1	0.4167	0	1	'northeast'	32	41.029975	-74.090777
33	0.4167	1	0.4167	0	1	'northeast'	33	41.254368	-73.010735
34	0.4167	1	0.4167	0	1	'northeast'	34	41.266832	-73.009702
35	0.4167	1	0.4167	0	1	'northeast'	35	41.398771	-79.676097
36	0.4167	1	0.4167	0	1	'northeast'	36	41.396723	-79.672811
37	0.4167	1	0.4167	0	1	'northeast'	37	41.537845	-79.116042
38	0.4167	1	0.4167	0	1	'northeast'	38	41.537608	-79.11609
39	0.4167	1	0.4167	0	1	'northeast'	39	41.689696	-78.437472
40	0.4167	1	0.4167	0	1	'northeast'	40	41.877839	-77.765879
41	0.4167	1	0.4167	0	1	'northeast'	41	41.821825	-75.819248
42	0.4167	1	0.4167	0	1	'northeast'	42	42.07427	-79.698623
43	0.4167	1	0.4167	0	1	'northeast'	43	42.074221	-79.698702
44	0.4167	1	0.4167	0	1	'northeast'	44	42.11366	-77.653292
45	0.4167	1	0.4167	0	1	'northeast'	45	42.072562	-76.791341
46	0.4167	1	0.4167	0	1	'northeast'	46	42.072562	-76.77978
47	0.4167	1	0.4167	0	1	'northeast'	47	42.439942	-76.305218
48	0.4167	1	0.4167	0	1	'northeast'	48	42.417627	-76.293194
49	0.4167	1	0.4167	0	1	'northeast'	49	42.054348	-75.548908
50	0.4167	1	0.4167	0	1	'northeast'	50	41.625653	-73.482727
51	0.4167	1	0.4167	0	1	'northeast'	51	41.974926	-72.813982
52	0.4167	1	0.4167	0	1	'northeast'	52	41.975423	-72.813133
53	0.4167	1	0.4167	0	1	'northeast'	53	41.677967	-72.827335
54	0.4167	1	0.4167	0	1	'northeast'	54	41.725185	-72.589945
55	0.4167	1	0.4167	0	1	'northeast'	55	41.725084	-72.588397
56	0.4167	1	0.4167	0	1	'northeast'	56	40.274597	-76.383599
57	0.4167	1	0.4167	0	1	'northeast'	57	41.670935	-71.534463
58	0.4167	1	0.4167	0	1	'northeast'	58	41.753162	-70.493124
59	0.4167	1	0.4167	0	1	'northeast'	59	42.023001	-71.375356
60	0.4167	1	0.4167	0	1	'northeast'	60	42.022409	-71.751407
61	0.4167	1	0.4167	0	1	'northeast'	61	42.020317	-71.744126
62	0.4167	1	0.4167	0	1	'northeast'	62	42.120251	-71.567683
63	0.4167	1	0.4167	0	1	'northeast'	63	42.120051	-71.569429
64	0.4167	1	0.4167	0	1	'northeast'	64	42.363165	-71.119083
65	0.4167	1	0.4167	0	1	'northeast'	65	42.201594	-71.523878
66	0.4167	1	0.4167	0	1	'northeast'	66	42.588366	-71.847785
67	0.4167	1	0.4167	0	1	'northeast'	67	42.484204	-71.16997
68	0.4167	1	0.4167	0	1	'northeast'	68	42.707991	-71.274586
69	0.4167	1	0.4167	0	1	'northeast'	69	42.550884	-71.367865
70	0.4167	1	0.4167	0	1	'northeast'	70	42.934207	-71.491622
71	0.4167	1	0.4167	0	1	'northeast'	71	44.838572	-69.923579
72	0.4167	1	0.4167	0	1	'northeast'	72	45.054984	-71.490144
73	0.4167	1	0.4167	0	1	'northeast'	73	45.05418	-71.490121
74	0.4167	1	0.4167	0	1	'northeast'	74	43.271294	-79.02028
75	0.4167	1	0.4167	0	1	'northeast'	75	43.270035	-79.026338
76	0.4167	1	0.4167	0	1	'northeast'	76	42.745262	-78.392456
77	0.4167	1	0.4167	0	1	'northeast'	77	42.917459	-77.783036
78	0.4167	1	0.4167	0	1	'northeast'	78	42.597312	-78.110065
79	0.4167	1	0.4167	0	1	'northeast'	79	42.556783	-78.153585
80	0.4167	1	0.4167	0	1	'northeast'	80	42.90849	-77.192062
81	0.4167	1	0.4167	0	1	'northeast'	81	42.904538	-77.176114
82	0.4167	1	0.4167	0	1	'northeast'	82	43.219378	-76.252319
83	0.4167	1	0.4167	0	1	'northeast'	83	42.903602	-75.958292
84	0.4167	1	0.4167	0	1	'northeast'	84	42.903357	-75.958496
85	0.4167	1	0.4167	0	1	'northeast'	85	42.80409	-74.281505
86	0.4167	1	0.4167	0	1	'northeast'	86	42.815669	-74.263843
87	0.4167	1	0.4167	0	1	'northeast'	87	42.831757	-73.672791
88	0.4167	1	0.4167	0	1	'northeast'	88	42.628596	-74.025866
89	0.4167	1	0.4167	0	1	'northeast'	89	42.63174	-74.025301
90	0.4167	1	0.4167	0	1	'northeast'	90	42.24878	-73.898449
91	0.4167	1	0.4167	0	1	'northeast'	91	42.248502	-73.899998
92	0.4167	1	0.4167	0	1	'northeast'	92	41.77572	-73.701817
93	0.4167	1	0.4167	0	1	'northeast'	93	41.77619	-73.702682
94	0.4167	1	0.4167	0	1	'northeast'	94	42.740238	-73.186441
95	0.4167	1	0.4167	0	1	'northeast'	95	42.048439	-72.610074
96	0.4167	1	0.4167	0	1	'northeast'	96	42.046799	-72.613109
97	0.4167	1	0.4167	0	1	'northeast'	97	43.354239	-75.082106
98	0.4167	1	0.4167	0	1	'northeast'	98	43.35361	-75.094707
99	0.4167	1	0.4167	0	1	'northeast'	99	44.076832	-75.299729
100	0.4167	1	0.4167	0	1	'northeast'	100	44.076742	-75.29934
101	0.4167	1	0.4167	0	1	'northeast'	101	44.768851	-75.355817
102	0.4167	1	0.4167	0	1	'northeast'	102	42.470251	-73.325124
103	0.4167	1	0.4167	0	1	'northeast'	103	40.189198	-79.527073
104	0.4167	1	0.4167	0	1	'northeast'	104	40.042788	-78.421649
105	0.4167	1	0.4167	0	1	'northeast'	105	44.520753	-70.578301
1010	0.4167	1	0.4167	0	1	'northeast'	1010	40.467469	-79.794041
1011	0.4167	1	0.4167	0	1	'northeast'	1011	40.552592	-75.22477
1020	0.4167	1	0.4167	0	1	'northeast'	1020	40.784651	-73.93382
1022	0.4167	1	0.4167	0	1	'northeast'	1022	41.21062	-80.320004
1027	0.4167	1	0.4167	0	1	'northeast'	1027	41.496855	-77.643514
1030	0.4167	1	0.4167	0	1	'northeast'	1030	41.066069	-74.573932
1031	0.4167	1	0.4167	0	1	'northeast'	1031	41.118725	-74.476541
1032	0.4167	1	0.4167	0	1	'northeast'	1032	41.029975	-74.090777
1039	0.4167	1	0.4167	0	1	'northeast'	1039	41.689696	-78.437472
1045	0.4167	1	0.4167	0	1	'northeast'	1045	42.072562	-76.791341
1049	0.4167	1	0.4167	0	1	'northeast'	1049	42.054348	-75.548908
1050	0.4167	1	0.4167	0	1	'northeast'	1050	41.625653	-73.482727
1053	0.4167	1	0.4167	0	1	'northeast'	1053	41.677967	-72.827335
1059	0.4167	1	0.4167	0	1	'northeast'	1059	42.023001	-71.375356
1064	0.4167	1	0.4167	0	1	'northeast'	1064	42.363165	-71.119083
1067	0.4167	1	0.4167	0	1	'northeast'	1067	42.484204	-71.16997
1069	0.4167	1	0.4167	0	1	'northeast'	1069	42.550884	-71.367865
