function mgc = TC_PennToNortheast_wValves_expansion_9.0_oct

%% required global data
mgc.gas_molar_mass = 0.0185674;  % kg/mol
mgc.gas_specific_gravity = 0.6411;
mgc.specific_heat_capacity_ratio =1.2841;  % unitless
mgc.temperature = 281.15;  % K
mgc.compressibility_factor = 0.8;  % unitless
mgc.units = 'si';
mgc.standard_density = 0.717;

%% optional global data (that was either provided or computed based on required global data)
mgc.energy_factor = 5.8811473e-10;
mgc.sound_speed = 317.3536522338898;  % m/s
mgc.R = 8.314;  % J/(mol K)
mgc.base_pressure = 8.273712e6;  % Pa
mgc.base_flow = 44.47950613758401;
mgc.base_length = 1.0;  % m
mgc.is_per_unit = 1;

%% junction data
% id	p_min	p_max	p_nominal	junction_type	status	pipeline_name	edi_id	lat	lon
mgc.junction = [
1	0.4166666666666667	1.0	0.4166666666666667	0	1	'TC_PennToNortheast'	1	40.14051	-80.478524
2	0.4166666666666667	1.0	0.4166666666666667	0	1	'TC_PennToNortheast'	2	39.723066	-80.442888
3	0.4166666666666667	1.0	0.4166666666666667	0	1	'TC_PennToNortheast'	3	40.200743	-79.534826
4	0.4166666666666667	1.0	0.4166666666666667	0	1	'TC_PennToNortheast'	4	40.020885	-78.404702
5	0.4166666666666667	1.0	0.4166666666666667	0	1	'TC_PennToNortheast'	5	39.724585	-76.390675
6	0.4166666666666667	1.0	0.4166666666666667	0	1	'TC_PennToNortheast'	6	40.274567	-76.382726
7	0.4166666666666667	1.0	0.4166666666666667	0	1	'TC_PennToNortheast'	7	40.084953	-75.556341
8	0.4166666666666667	1.0	0.4166666666666667	0	1	'TC_PennToNortheast'	8	40.768368	-80.376997
9	0.4166666666666667	1.0	0.4166666666666667	0	1	'TC_PennToNortheast'	9	40.467497	-79.794148
10	0.4166666666666667	1.0	0.4166666666666667	0	1	'TC_PennToNortheast'	10	40.467469	-79.794041
11	0.4166666666666667	1.0	0.4166666666666667	0	1	'TC_PennToNortheast'	11	40.552592	-75.22477
12	0.4166666666666667	1.0	0.4166666666666667	0	1	'TC_PennToNortheast'	12	40.603397	-74.883413
13	0.4166666666666667	1.0	0.4166666666666667	0	1	'TC_PennToNortheast'	13	40.30279	-74.703774
14	0.4166666666666667	1.0	0.4166666666666667	0	1	'TC_PennToNortheast'	14	40.556699	-74.349096
15	0.4166666666666667	1.0	0.4166666666666667	0	1	'TC_PennToNortheast'	15	40.66556	-73.65474
16	0.4166666666666667	1.0	0.4166666666666667	0	1	'TC_PennToNortheast'	16	40.835394	-79.343138
17	0.4166666666666667	1.0	0.4166666666666667	0	1	'TC_PennToNortheast'	17	40.835196	-79.340896
18	0.4166666666666667	1.0	0.4166666666666667	0	1	'TC_PennToNortheast'	18	40.79121	-74.19497
19	0.4166666666666667	1.0	0.4166666666666667	0	1	'TC_PennToNortheast'	19	40.791447	-74.088084
20	0.4166666666666667	1.0	0.4166666666666667	0	1	'TC_PennToNortheast'	20	40.784651	-73.93382
21	0.4166666666666667	1.0	0.4166666666666667	0	1	'TC_PennToNortheast'	21	40.895706	-73.14931
22	0.4166666666666667	1.0	0.4166666666666667	0	1	'TC_PennToNortheast'	22	41.21062	-80.320004
23	0.4166666666666667	1.0	0.4166666666666667	0	1	'TC_PennToNortheast'	23	41.210661	-80.320067
24	0.4166666666666667	1.0	0.4166666666666667	0	1	'TC_PennToNortheast'	24	40.999871	-78.741026
25	0.4166666666666667	1.0	0.4166666666666667	0	1	'TC_PennToNortheast'	25	41.260839	-78.311499
26	0.4166666666666667	1.0	0.4166666666666667	0	1	'TC_PennToNortheast'	26	41.495676	-77.643097
27	0.4166666666666667	1.0	0.4166666666666667	0	1	'TC_PennToNortheast'	27	41.496855	-77.643514
28	0.4166666666666667	1.0	0.4166666666666667	0	1	'TC_PennToNortheast'	28	41.262607	-76.338707
29	0.4166666666666667	1.0	0.4166666666666667	0	1	'TC_PennToNortheast'	29	41.21003	-75.855117
30	0.4166666666666667	1.0	0.4166666666666667	0	1	'TC_PennToNortheast'	30	41.066069	-74.573932
31	0.4166666666666667	1.0	0.4166666666666667	0	1	'TC_PennToNortheast'	31	41.118725	-74.476541
32	0.4166666666666667	1.0	0.4166666666666667	0	1	'TC_PennToNortheast'	32	41.029975	-74.090777
33	0.4166666666666667	1.0	0.4166666666666667	0	1	'TC_PennToNortheast'	33	41.254368	-73.010735
34	0.4166666666666667	1.0	0.4166666666666667	0	1	'TC_PennToNortheast'	34	41.266832	-73.009702
35	0.4166666666666667	1.0	0.4166666666666667	0	1	'TC_PennToNortheast'	35	41.398771	-79.676097
36	0.4166666666666667	1.0	0.4166666666666667	0	1	'TC_PennToNortheast'	36	41.396723	-79.672811
37	0.4166666666666667	1.0	0.4166666666666667	0	1	'TC_PennToNortheast'	37	41.537845	-79.116042
38	0.4166666666666667	1.0	0.4166666666666667	0	1	'TC_PennToNortheast'	38	41.537608	-79.11609
39	0.4166666666666667	1.0	0.4166666666666667	0	1	'TC_PennToNortheast'	39	41.689696	-78.437472
40	0.4166666666666667	1.0	0.4166666666666667	0	1	'TC_PennToNortheast'	40	41.877839	-77.765879
41	0.4166666666666667	1.0	0.4166666666666667	0	1	'TC_PennToNortheast'	41	41.821825	-75.819248
42	0.4166666666666667	1.0	0.4166666666666667	0	1	'TC_PennToNortheast'	42	42.07427	-79.698623
43	0.4166666666666667	1.0	0.4166666666666667	0	1	'TC_PennToNortheast'	43	42.074221	-79.698702
44	0.4166666666666667	1.0	0.4166666666666667	0	1	'TC_PennToNortheast'	44	42.11366	-77.653292
45	0.4166666666666667	1.0	0.4166666666666667	0	1	'TC_PennToNortheast'	45	42.072562	-76.791341
46	0.4166666666666667	1.0	0.4166666666666667	0	1	'TC_PennToNortheast'	46	42.072562	-76.77978
47	0.4166666666666667	1.0	0.4166666666666667	0	1	'TC_PennToNortheast'	47	42.439942	-76.305218
48	0.4166666666666667	1.0	0.4166666666666667	0	1	'TC_PennToNortheast'	48	42.417627	-76.293194
49	0.4166666666666667	1.0	0.4166666666666667	0	1	'TC_PennToNortheast'	49	42.054348	-75.548908
50	0.4166666666666667	1.0	0.4166666666666667	0	1	'TC_PennToNortheast'	50	41.625653	-73.482727
51	0.4166666666666667	1.0	0.4166666666666667	0	1	'TC_PennToNortheast'	51	41.974926	-72.813982
52	0.4166666666666667	1.0	0.4166666666666667	0	1	'TC_PennToNortheast'	52	41.975423	-72.813133
53	0.4166666666666667	1.0	0.4166666666666667	0	1	'TC_PennToNortheast'	53	41.677967	-72.827335
54	0.4166666666666667	1.0	0.4166666666666667	0	1	'TC_PennToNortheast'	54	41.725185	-72.589945
55	0.4166666666666667	1.0	0.4166666666666667	0	1	'TC_PennToNortheast'	55	41.725084	-72.588397
56	0.4166666666666667	1.0	0.4166666666666667	0	1	'TC_PennToNortheast'	56	40.274597	-76.383599
57	0.4166666666666667	1.0	0.4166666666666667	0	1	'TC_PennToNortheast'	57	41.670935	-71.534463
58	0.4166666666666667	1.0	0.4166666666666667	0	1	'TC_PennToNortheast'	58	41.753162	-70.493124
59	0.4166666666666667	1.0	0.4166666666666667	0	1	'TC_PennToNortheast'	59	42.023001	-71.375356
60	0.4166666666666667	1.0	0.4166666666666667	0	1	'TC_PennToNortheast'	60	42.022409	-71.751407
61	0.4166666666666667	1.0	0.4166666666666667	0	1	'TC_PennToNortheast'	61	42.020317	-71.744126
62	0.4166666666666667	1.0	0.4166666666666667	0	1	'TC_PennToNortheast'	62	42.120251	-71.567683
63	0.4166666666666667	1.0	0.4166666666666667	0	1	'TC_PennToNortheast'	63	42.120051	-71.569429
64	0.4166666666666667	1.0	0.4166666666666667	0	1	'TC_PennToNortheast'	64	42.363165	-71.119083
65	0.4166666666666667	1.0	0.4166666666666667	0	1	'TC_PennToNortheast'	65	42.201594	-71.523878
66	0.4166666666666667	1.0	0.4166666666666667	0	1	'TC_PennToNortheast'	66	42.588366	-71.847785
67	0.4166666666666667	1.0	0.4166666666666667	0	1	'TC_PennToNortheast'	67	42.484204	-71.16997
68	0.4166666666666667	1.0	0.4166666666666667	0	1	'TC_PennToNortheast'	68	42.707991	-71.274586
69	0.4166666666666667	1.0	0.4166666666666667	0	1	'TC_PennToNortheast'	69	42.550884	-71.367865
70	0.4166666666666667	1.0	0.4166666666666667	0	1	'TC_PennToNortheast'	70	42.934207	-71.491622
71	0.4166666666666667	1.0	0.4166666666666667	0	1	'TC_PennToNortheast'	71	44.838572	-69.923579
72	0.4166666666666667	1.0	0.4166666666666667	0	1	'TC_PennToNortheast'	72	45.054984	-71.490144
73	0.4166666666666667	1.0	0.4166666666666667	0	1	'TC_PennToNortheast'	73	45.05418	-71.490121
74	0.4166666666666667	1.0	0.4166666666666667	0	1	'TC_PennToNortheast'	74	43.271294	-79.02028
75	0.4166666666666667	1.0	0.4166666666666667	0	1	'TC_PennToNortheast'	75	43.270035	-79.026338
76	0.4166666666666667	1.0	0.4166666666666667	0	1	'TC_PennToNortheast'	76	42.745262	-78.392456
77	0.4166666666666667	1.0	0.4166666666666667	0	1	'TC_PennToNortheast'	77	42.917459	-77.783036
